0.05
0.50
0.99
1.50
1.98
2.47
3.03
3.53
3.99
4.48
5.04
5.48
6.03
6.45
7.00
7.52
7.98
8.50
9.02
9.46
10.02
10.48
11.02
11.51
11.96
12.52
12.95
13.48
14.02
14.51
14.99
15.49
15.96
16.51
16.96
17.55
17.96
18.50
19.05
19.53
19.95
20.51
21.01
21.51
21.96
22.51
23.03
23.49
23.97
24.45
25.05
25.53
26.00
26.54
26.96
27.45
27.96
28.46
28.95
29.54
29.99
30.48
30.96
31.50
32.00
32.53
32.96
33.54
33.96
34.46
35.03
35.52
35.97
36.54
36.96
37.49
38.03
38.53
39.04
39.53
39.96
40.50
40.99
41.46
42.02
42.49
42.96
43.45
43.95
44.55
45.01
45.52
46.02
46.48
46.98
47.48
48.00
48.55
48.97
49.54
49.96
50.45
51.05
51.49
52.00
52.51
53.04
53.53
53.97
54.51
55.04
55.52
55.99
56.46
57.02
57.49
58.02
58.51
59.05
59.55
60.00
60.53
61.00
61.55
62.05
62.48
63.03
63.51
63.97
64.54
65.03
65.54
65.96
66.55
66.98
67.46
67.97
68.53
68.98
69.50
69.97
70.50
71.00
71.50
71.98
72.46
73.05
73.49
73.99
74.50
74.97
75.47
75.97
76.46
77.04
77.55
78.00
78.55
79.01
79.47
80.03
80.52
80.97
81.53
81.97
82.52
82.95
83.53
84.05
84.50
85.05
85.50
86.03
86.50
86.98
87.50
88.04
88.50
89.00
89.54
89.95
90.47
90.96
91.55
92.03
92.47
93.04
93.47
94.03
94.45
95.02
95.52
95.96
96.49
97.02
97.50
97.99
98.53
99.03
99.53
100.03
100.49
100.99
101.49
101.99
102.47
102.97
103.51
104.03
104.50
105.05
105.46
106.03
106.52
106.95
107.51
107.98
108.50
108.99
109.45
109.95
110.51
111.05
111.51
111.99
112.54
112.99
113.54
113.95
114.52
114.99
115.49
115.99
116.54
117.03
117.49
117.96
118.51
118.96
119.46
119.99
120.49
121.01
121.48
122.04
122.54
123.02
123.46
123.99
124.46
125.01
125.47
125.96
126.49
126.96
127.52
128.0
128.53
129.01
129.52
130.01
130.51
131.04
131.53
132.04
132.55
132.96
133.45
133.97
134.54
135.03
135.53
136.02
136.46
137.03
137.54
137.98
138.52
139.00
139.52
139.96
140.50
141.05
141.50
142.02
142.45
143.05
143.50
144.04
144.50
145.01
145.48
145.99
146.49
146.96
147.49
147.99
148.49
148.96
149.51
149.99
150.52
150.96
151.48
152.02
152.47
153.00
153.46
153.98
154.48
154.96
155.48
155.95
156.46
157.05
157.53
158.03
158.49
159.00
159.54
159.98
160.55
160.96
161.49
162.02
162.49
163.04
163.48
164.04
164.45
165.00
165.46
166.00
166.53
166.96
167.51
168.05
168.48
168.98
169.48
169.96
170.49
170.99
171.46
172.05
172.53
172.97
173.47
174.00
174.48
174.95
175.46
176.03
176.53
176.98
177.53
178.03
178.47
179.02
179.51
180.01
180.54
181.02
181.54
182.00
182.46
183.03
183.53
183.96
184.53
184.98
185.46
186.01
186.52
187.04
187.49
188.00
188.46
188.98
189.53
190.04
190.50
190.96
191.51
192.02
192.46
192.99
193.53
194.04
194.49
194.97
195.53
195.95
196.46
197.00
197.47
198.01
198.51
199.03
199.49
199.95
200.53
201.04
201.54
202.02
202.49
203.05
203.49
203.99
204.55
204.96
205.49
206.01
206.47
207.02
207.53
208.00
208.52
209.02
209.54
209.96
210.53
211.04
211.46
211.97
212.50
213.03
213.48
214.00
214.50
214.97
215.50
216.04
216.54
216.96
217.55
218.04
218.55
219.03
219.47
219.98
220.49
220.98
221.52
221.99
222.48
223.00
223.50
224.04
224.48
224.97
225.50
226.03
226.55
227.02
227.51
228.01
228.50
228.99
229.47
229.96
230.54
231.03
231.52
232.04
232.46
233.03
233.52
234.03
234.52
234.95
235.50
235.96
236.55
236.98
237.49
237.95
238.47
238.99
239.51
240.03
240.53
240.96
241.52
242.02
242.52
243.02
243.46
244.04
244.54
245.04
245.55
245.95
246.48
247.05
247.51
248.00
248.51
249.01
249.51
250.03
250.5
251.05
251.54
252.05
252.49
252.99
253.49
253.99
254.47
254.95
255.48
255.98
256.49
257.01
257.48
258.00
258.51
259.02
259.52
260.04
260.46
260.97
261.52
262.03
262.54
262.96
263.46
264.04
264.51
264.97
265.49
265.97
266.45
267.04
267.52
267.96
268.52
268.98
269.53
270.0
270.52
270.98
271.47
272.04
272.51
273.03
273.54
273.97
274.46
275.02
275.47
275.97
276.49
276.95
277.45
277.99
278.49
279.03
279.45
280.05
280.53
281.03
281.52
282.00
282.50
283.04
283.49
283.98
284.48
285.04
285.50
286.00
286.52
287.04
287.52
288.04
288.51
289.04
289.55
289.95
290.47
291.03
291.47
291.99
292.52
293.03
293.52
294.01
294.52
294.97
295.51
296.00
296.49
296.99
297.46
297.99
298.50
299.04
299.55
299.99
300.48
300.97
301.46
301.96
302.55
302.97
303.52
304.01
304.52
305.00
305.54
305.98
306.49
307.02
307.49
308.04
308.49
308.95
309.51
309.96
310.52
311.02
311.54
312.04
312.54
312.96
313.52
314.00
314.45
315.00
315.52
316.01
316.52
316.98
317.49
318.05
318.53
319.01
319.53
320.02
320.53
321.00
321.46
322.02
322.50
322.96
323.45
324.03
324.48
324.96
325.49
326.04
326.47
327.05
327.51
327.97
328.46
329.03
329.52
330.02
330.48
331.01
331.49
331.97
332.52
332.99
333.53
334.03
334.47
334.97
335.53
335.98
336.51
336.98
337.53
338.03
338.50
339.02
339.52
339.96
340.51
341.02
341.47
342.02
342.47
342.99
343.46
344.01
344.49
344.97
345.52
346.03
346.54
347.05
347.49
348.01
348.48
348.97
349.48
350.05
350.49
351.05
351.53
351.96
352.47
353.00
353.48
353.99
354.55
354.99
355.51
356.05
356.52
357.04
357.52
357.95
358.53
358.99
359.51
360.00
360.48
361.03
361.51
362.02
362.46
363.01
363.47
363.99
364.51
365.03
365.51
366.05
366.48
367.02
367.48
368.02
368.53
368.99
369.46
370.04
370.49
371.04
371.51
372.04
372.54
373.02
373.52
374.00
374.50
375.00
375.45
375.98
376.53
377.05
377.49
378.03
378.50
379.01
379.48
379.98
380.47
381.01
381.46
382.00
382.48
383.03
383.54
384.02
384.52
385.01
385.49
385.99
386.55
387.01
387.50
388.00
388.47
389.05
389.50
390.02
390.50
391.01
391.45
391.98
392.54
393.02
393.47
393.99
394.46
395.04
395.46
395.98
396.52
396.99
397.49
398.04
398.54
398.99
399.48
400.02
400.53
400.98
401.54
401.99
402.46
403.01
403.50
403.95
404.47
404.97
405.51
405.96
406.49
407.05
407.53
407.96
408.49
409.02
409.55
410.04
410.51
410.95
411.50
411.96
412.45
412.96
413.52
413.96
414.51
414.96
415.49
416.05
416.45
416.96
417.54
418.00
418.47
418.98
419.48
420.00
420.48
421.03
421.54
422.02
422.48
422.97
423.49
423.95
424.53
424.99
425.52
426.05
426.45
427.03
427.50
427.96
428.48
428.96
429.48
430.03
430.49
430.97
431.49
431.97
432.54
433.03
433.51
434.04
434.52
434.98
435.48
436.00
436.45
437.03
437.48
438.01
438.47
438.97
439.55
440.03
440.50
441.05
441.48
442.01
442.49
442.96
443.52
443.96
444.48
444.96
445.47
445.96
446.53
447.00
447.51
448.03
448.55
448.99
449.48
449.97
450.48
451.00
451.46
451.98
452.48
452.98
453.52
453.99
454.50
455.05
455.52
456.00
456.49
457.03
457.53
457.99
458.52
458.97
459.45
460.02
460.54
460.98
461.45
461.99
462.51
462.95
463.51
463.96
464.46
464.97
465.49
466.01
466.54
467.04
467.45
468.01
468.52
469.00
469.46
470.02
470.49
470.98
471.45
472.04
472.47
473.01
473.48
474.00
474.55
475.03
475.52
475.98
476.52
477.02
477.46
477.97
478.51
478.99
479.53
480.04
480.49
481.00
481.49
481.99
482.54
483.04
483.49
484.01
484.47
485.03
485.53
485.96
486.49
487.04
487.50
488.01
488.50
489.02
489.51
489.98
490.50
490.97
491.50
491.96
492.55
492.96
493.54
493.95
494.51
495.03
495.52
495.96
496.50
496.95
497.53
498.00
498.52
499.02
499.49
500.00